###               black    heavy     bold   medium   regular   light     thin
###---------------------|--------|--------|--------|--------|--------|--------|

[!][M]              -10      -10      -10      -10      -10      -10      -10
[!][g]              -10      -10      -10      -10      -10      -10      -10
["'][M]             -40      -40      -40      -40      -40      -40      -40
["'][g]             -20      -20      -20      -20      -20      -20      -20
[#][M]              -10      -10      -10      -10      -10      -10      -10
[#][g]              -30      -30      -30      -30      -30      -30      -30
[$][M]              -10      -10      -10      -10      -10      -10      -10
[%][*]              -80      -80      -80      -80      -80      -80      -80
[&][*]             -100     -100     -100     -100     -100     -100     -100
[&][M]               10       10       10       10       10       10       10
[(][*]              -10      -10      -10      -10      -10      -10      -10
[(][g]               20       20       20       20       20       20       20
[)][M]              -20      -20      -20      -20      -20      -20      -20
[)][g]              -10      -10      -10      -10      -10      -10      -10
[*][#]              -30      -30      -30      -30      -30      -30      -30
[*][%]               20       20       20       20       20       20       20
[*][&]              -20      -20      -20      -20      -20      -20      -20
[*][)]              -10      -10      -10      -10      -10      -10      -10
[*][*]               10       10       10       10       10       10       10
[*][+-]             -30      -30      -30      -30      -30      -30      -30
[*][,.]             -90      -90      -90      -90      -90      -90      -90
[*][/]             -100     -100     -100     -100     -100     -100     -100
[*][:;]             -20      -20      -20      -20      -20      -20      -20
[*][<]              -20      -20      -20      -20      -20      -20      -20
[*][=]              -20      -20      -20      -20      -20      -20      -20
[*][>]              -10      -10      -10      -10      -10      -10      -10
[*][A]              -90      -90      -90      -90      -90      -90      -90
[*][J]             -100     -100     -100     -100     -100     -100     -100
[*][M]              -30      -30      -30      -30      -30      -30      -30
[*][X]              -40      -40      -40      -40      -40      -40      -40
[*][^]              -30      -30      -30      -30      -30      -30      -30
[*][_]             -110     -110     -110     -110     -110     -110     -110
[*][a]              -10      -10      -10      -10      -10      -10      -10
[*][ceo]            -40      -40      -40      -40      -40      -40      -40
[*][dq]             -40      -40      -40      -40      -40      -40      -40
[*][g]              -30      -30      -30      -30      -30      -30      -30
[*][f]               10       10       10       10       10       10       10
[*][j]              -20      -20      -20      -20      -20      -20      -20
[*][mnpr]           -20      -20      -20      -20      -20      -20      -20
[*][s]              -40      -40      -40      -40      -40      -40      -40
[*][t]               10       10       10       10       10       10       10
[*][x]              -20      -20      -20      -20      -20      -20      -20
[*][y]              -10      -10      -10      -10      -10      -10      -10
[*][z]              -20      -20      -20      -20      -20      -20      -20
[*][{]              -50      -50      -50      -50      -50      -50      -50
[*][~]              -20      -20      -20      -20      -20      -20      -20
[+-][*]             -30      -30      -30      -30      -30      -30      -30
[+-][g]             -10      -10      -10      -10      -10      -10      -10
[,.][*]             -90      -90      -90      -90      -90      -90      -90
[,.][M]              10       10       10       10       10       10       10
[.][g]              -30      -30      -30      -30      -30      -30      -30
[/][M]              -40      -40      -40      -40      -40      -40      -40
[/][g]              -60      -60      -60      -60      -60      -60      -60
[:;][*]             -20      -20      -20      -20      -20      -20      -20
[:;][g]             -20      -20      -20      -20      -20      -20      -20
[<][*]              -10      -10      -10      -10      -10      -10      -10
[<][M]               10       10       10       10       10       10       10
[<][g]              -20      -20      -20      -20      -20      -20      -20
[=][*]              -20      -20      -20      -20      -20      -20      -20
[=][g]              -10      -10      -10      -10      -10      -10      -10
[>][*]              -20      -20      -20      -20      -20      -20      -20
[>][g]              -10      -10      -10      -10      -10      -10      -10
[?][M]              -30      -30      -30      -30      -30      -30      -30
[?][g]              -50      -50      -50      -50      -50      -50      -50
[@DO][M]            -10      -10      -10      -10      -10      -10      -10
[@DO][g]            -10      -10      -10      -10      -10      -10      -10
[A][*]              -90      -90      -90      -90      -90      -90      -90
[A][M]               10       10       10       10       10       10       10
[A][g]               10       10       10       10       10       10       10
[B][*]              -20      -20      -20      -20      -20      -20      -20
[B][M]              -10      -10      -10      -10      -10      -10      -10
[C][*]              -10      -10      -10      -10      -10      -10      -10
[C][g]              -20      -20      -20      -20      -20      -20      -20
[E][*]              -10      -10      -10      -10      -10      -10      -10
[E][g]              -10      -10      -10      -10      -10      -10      -10
[F][*]              -10      -10      -10      -10      -10      -10      -10
[F][M]              -20      -20      -20      -20      -20      -20      -20
[F][g]              -30      -30      -30      -30      -30      -30      -30
[G][*]              -20      -20      -20      -20      -20      -20      -20
[JU][M]             -10      -10      -10      -10      -10      -10      -10
[K][*]              -40      -40      -40      -40      -40      -40      -40
[K][M]               10       10       10       10       10       10       10
[L][*]             -100     -100     -100     -100     -100     -100     -100
[L][M]               10       10       10       10       10       10       10
[L][g]               20       20       20       20       20       20       20
[M][!]              -10      -10      -10      -10      -10      -10      -10
[M]["']             -40      -40      -40      -40      -40      -40      -40
[M][$]              -10      -10      -10      -10      -10      -10      -10
[M][%]              -30      -30      -30      -30      -30      -30      -30
[M][&]              -10      -10      -10      -10      -10      -10      -10
[M][(]              -20      -20      -20      -20      -20      -20      -20
[M][*]              -30      -30      -30      -30      -30      -30      -30
[M][,.]              10       10       10       10       10       10       10
[M][/]               20       20       20       20       20       20       20
[M][>]               10       10       10       10       10       10       10
[M][?]              -30      -30      -30      -30      -30      -30      -30
[M][@CGOQ]          -10      -10      -10      -10      -10      -10      -10
[M][J]               10       10       10       10       10       10       10
[M][S]              -10      -10      -10      -10      -10      -10      -10
[M][T]              -50      -50      -50      -50      -50      -50      -50
[M][U]              -10      -10      -10      -10      -10      -10      -10
[M][V]              -40      -40      -40      -40      -40      -40      -40
[M][W]              -20      -20      -20      -20      -20      -20      -20
[M][Y]              -50      -50      -50      -50      -50      -50      -50
[M][\\]             -40      -40      -40      -40      -40      -40      -40
[M][^]              -10      -10      -10      -10      -10      -10      -10
[M][_]               40       40       40       40       40       40       40
[M][`]              -40      -40      -40      -40      -40      -40      -40
[M][ceo]            -10      -10      -10      -10      -10      -10      -10
[M][dq]             -10      -10      -10      -10      -10      -10      -10
[M][f]              -30      -30      -30      -30      -30      -30      -30
[M][j]              -10      -10      -10      -10      -10      -10      -10
[M][s]              -10      -10      -10      -10      -10      -10      -10
[M][t]              -30      -30      -30      -30      -30      -30      -30
[M][u]              -10      -10      -10      -10      -10      -10      -10
[M][v]              -30      -30      -30      -30      -30      -30      -30
[M][w]              -30      -30      -30      -30      -30      -30      -30
[M][y]              -30      -30      -30      -30      -30      -30      -30
[M][{]              -20      -20      -20      -20      -20      -20      -20
[M][~]              -10      -10      -10      -10      -10      -10      -10
[P][M]              -30      -30      -30      -30      -30      -30      -30
[P][g]              -20      -20      -20      -20      -20      -20      -20
[Q][*]              -20      -20      -20      -20      -20      -20      -20
[Q][g]               20       20       20       20       20       20       20
[S][M]              -10      -10      -10      -10      -10      -10      -10
[S][g]              -10      -10      -10      -10      -10      -10      -10
[T][M]              -50      -50      -50      -50      -50      -50      -50
[T][g]              -70      -70      -70      -70      -70      -70      -70
[U][g]              -10      -10      -10      -10      -10      -10      -10
[V][M]              -40      -40      -40      -40      -40      -40      -40
[V][g]              -60      -60      -60      -60      -60      -60      -60
[W][M]              -20      -20      -20      -20      -20      -20      -20
[W][g]              -30      -30      -30      -30      -30      -30      -30
[X][*]              -40      -40      -40      -40      -40      -40      -40
[X][g]              -10      -10      -10      -10      -10      -10      -10
[Y][M]              -50      -50      -50      -50      -50      -50      -50
[Y][g]              -80      -80      -80      -80      -80      -80      -80
[\[][g]              10       10       10       10       10       10       10
[Z][g]              -10      -10      -10      -10      -10      -10      -10
[\\][*]            -100     -100     -100     -100     -100     -100     -100
[\\][M]              20       20       20       20       20       20       20
[\\][g]              10       10       10       10       10       10       10
[^][*]              -30      -30      -30      -30      -30      -30      -30
[^][M]              -10      -10      -10      -10      -10      -10      -10
[^][g]              -10      -10      -10      -10      -10      -10      -10
[_][*]             -110     -110     -110     -110     -110     -110     -110
[_][M]               40       40       40       40       40       40       40
[_][g]               40       40       40       40       40       40       40
[`][M]              -40      -40      -40      -40      -40      -40      -40
[`][g]              -20      -20      -20      -20      -20      -20      -20
[a][*]              -50      -50      -50      -50      -50      -50      -50
[bp][*]             -40      -40      -40      -40      -40      -40      -40
[bp][M]             -10      -10      -10      -10      -10      -10      -10
[c][*]              -20      -20      -20      -20      -20      -20      -20
[c][g]              -10      -10      -10      -10      -10      -10      -10
[c][M]              -10      -10      -10      -10      -10      -10      -10
[e][*]              -40      -40      -40      -40      -40      -40      -40
[e][M]              -10      -10      -10      -10      -10      -10      -10
[f][M]              -30      -30      -30      -30      -30      -30      -30
[f][g]              -30      -30      -30      -30      -30      -30      -30
[g][!]              -10      -10      -10      -10      -10      -10      -10
[g]["']             -10      -10      -10      -10      -10      -10      -10
[g][$]              -10      -10      -10      -10      -10      -10      -10
[g][%]              -20      -20      -20      -20      -20      -20      -20
[g][&]              -30      -30      -30      -30      -30      -30      -30
[g][(]              -10      -10      -10      -10      -10      -10      -10
[g][)]               20       20       20       20       20       20       20
[g][*]              -10      -10      -10      -10      -10      -10      -10
[g][+-]             -10      -10      -10      -10      -10      -10      -10
[g][.]              -40      -40      -40      -40      -40      -40      -40
[g][/]               10       10       10       10       10       10       10
[g][:]              -20      -20      -20      -20      -20      -20      -20
[g][<]              -10      -10      -10      -10      -10      -10      -10
[g][=]              -10      -10      -10      -10      -10      -10      -10
[g][>]              -20      -20      -20      -20      -20      -20      -20
[g][?]              -50      -50      -50      -50      -50      -50      -50
[g][@CGOQ]          -10      -10      -10      -10      -10      -10      -10
[g][A]              -10      -10      -10      -10      -10      -10      -10
[g][J]              -10      -10      -10      -10      -10      -10      -10
[g][S]              -20      -20      -20      -20      -20      -20      -20
[g][T]              -70      -70      -70      -70      -70      -70      -70
[g][U]              -10      -10      -10      -10      -10      -10      -10
[g][V]              -50      -50      -50      -50      -50      -50      -50
[g][W]              -20      -20      -20      -20      -20      -20      -20
[g][X]              -10      -10      -10      -10      -10      -10      -10
[g][Y]              -70      -70      -70      -70      -70      -70      -70
[g][Z]              -10      -10      -10      -10      -10      -10      -10
[g][\\]             -40      -40      -40      -40      -40      -40      -40
[g][\]]              10       10       10       10       10       10       10
[g][^]              -10      -10      -10      -10      -10      -10      -10
[g][_]               40       40       40       40       40       40       40
[g][`]              -50      -50      -50      -50      -50      -50      -50
[g][j]               50       50       50       50       50       50       50
[g][p]               10       10       10       10       10       10       10
[g][s]              -10      -10      -10      -10      -10      -10      -10
[g][t]              -10      -10      -10      -10      -10      -10      -10
[g][u]              -10      -10      -10      -10      -10      -10      -10
[g][v]              -10      -10      -10      -10      -10      -10      -10
[g][w]              -10      -10      -10      -10      -10      -10      -10
[g][{]              -20      -20      -20      -20      -20      -20      -20
[g][}]               10       10       10       10       10       10       10
[g][~]              -10      -10      -10      -10      -10      -10      -10
[hmn][*]            -50      -50      -50      -50      -50      -50      -50
[k][*]              -20      -20      -20      -20      -20      -20      -20
[k][M]               10       10       10       10       10       10       10
[o][*]              -40      -40      -40      -40      -40      -40      -40
[o][M]              -10      -10      -10      -10      -10      -10      -10
[q][g]               10       10       10       10       10       10       10
[qu][*]             -20      -20      -20      -20      -20      -20      -20
[r][M]              -30      -30      -30      -30      -30      -30      -30
[r][g]              -20      -20      -20      -20      -20      -20      -20
[s][*]              -40      -40      -40      -40      -40      -40      -40
[s][M]              -10      -10      -10      -10      -10      -10      -10
[s][g]              -10      -10      -10      -10      -10      -10      -10
[t][*]              -20      -20      -20      -20      -20      -20      -20
[t][t]              -10      -10      -10      -10      -10      -10      -10
[v][M]              -30      -30      -30      -30      -30      -30      -30
[v][g]              -30      -30      -30      -30      -30      -30      -30
[w][M]              -30      -30      -30      -30      -30      -30      -30
[w][g]              -30      -30      -30      -30      -30      -30      -30
[x][*]              -20      -20      -20      -20      -20      -20      -20
[y][M]              -30      -30      -30      -30      -30      -30      -30
[y][g]              -30      -30      -30      -30      -30      -30      -30
[z][*]              -20      -20      -20      -20      -20      -20      -20
[}][g]              -20      -20      -20      -20      -20      -20      -20
[}][*]              -50      -50      -50      -50      -50      -50      -50
[}][M]              -20      -20      -20      -20      -20      -20      -20
[}][g]               10       10       10       10       10       10       10
[~][*]              -20      -20      -20      -20      -20      -20      -20
[~][M]              -10      -10      -10      -10      -10      -10      -10
[~][g]              -10      -10      -10      -10      -10      -10      -10
