###  *  prefix 'w' means R is width instead of right sidebearing.
###  *  prefix '+' means L/R is relative from current value.
###     (use '+-1' to shift 1 unit left)
###
###  black      heavy      bold      medium     regular     light      thin
###----+----|-----+----|-----+----|-----+----|-----+----|-----+----|-----+----|
###  L |  R |   L |  R |   L |  R |   L |  R |   L |  R |   L |  R |   L |  R |
space 0  450     0  440     0  430     0  420     0  410     0  400     0  390

!    80   80    80   80    80   80    80   80    80   80    80   80    80   80
"    55   55    55   55    55   55    55   55    55   55    55   55    55   55
#    40   40    40   40    40   40    40   40    40   40    40   40    40   40
$    45   45    45   45    45   45    45   45    45   45    45   45    45   45
%    25   25    25   25    25   25    25   25    25   25    25   25    25   25
&    45   10    45   10    45   10    45   10    45   10    45   10    45   10
'    55   55    55   55    55   55    55   55    55   55    55   55    55   55
(    60   25    60   25    60   25    60   25    60   25    60   25    60   25
)    25   60    25   60    25   60    25   60    25   60    25   60    25   60
*    40   40    40   40    40   40    40   40    40   40    40   40    40   40
+    55   55    55   55    55   55    55   55    55   55    55   55    55   55
,    40   50    40   50    40   50    40   50    40   50    40   50    40   50
-    55   55    55   55    55   55    55   55    55   55    55   55    55   55
.    90   90    90   90    90   90    90   90    90   90    90   90    90   90
/    20   40    20   40    20   40    20   40    20   40    20   40    20   40
0    +0 w680    +0 w670    +0 w660    +0 w650    +0 w640    +0 w630    +0 w620
1    +0 w680    +0 w670    +0 w660    +0 w650    +0 w640    +0 w630    +0 w620
2    +0 w680    +0 w670    +0 w660    +0 w650    +0 w640    +0 w630    +0 w620
3    +0 w680    +0 w670    +0 w660    +0 w650    +0 w640    +0 w630    +0 w620
4    +0 w680    +0 w670    +0 w660    +0 w650    +0 w640    +0 w630    +0 w620
5    +0 w680    +0 w670    +0 w660    +0 w650    +0 w640    +0 w630    +0 w620
6    +0 w680    +0 w670    +0 w660    +0 w650    +0 w640    +0 w630    +0 w620
7    +0 w680    +0 w670    +0 w660    +0 w650    +0 w640    +0 w630    +0 w620
8    +0 w680    +0 w670    +0 w660    +0 w650    +0 w640    +0 w630    +0 w620
9    +0 w680    +0 w670    +0 w660    +0 w650    +0 w640    +0 w630    +0 w620
:   110  110   110  110   110  110   110  110   110  110   110  110   110  110
;    30  100    30  100    30  100    30  100    30  100    30  100    30  100
<    50   80    50   80    50   80    50   80    50   80    50   80    50   80
=    80   80    80   80    80   80    80   80    80   80    80   80    80   80
>    80   50    80   50    80   50    80   50    80   50    80   50    80   50
?    55   55    55   55    55   55    55   55    55   55    55   55    55   55
                                                                             
@    30   30    30   30    30   30    30   30    30   30    30   30    30   30
A    20   20    20   20    20   20    20   20    20   20    20   20    20   20
B    70   30    70   30    70   30    70   30    70   30    70   30    70   30
C    30   60    30   60    30   60    30   60    30   60    30   60    30   60
D    70   30    70   30    70   30    70   30    70   30    70   30    70   30
E    70   65    70   65    70   65    70   65    70   65    70   65    70   65
F    70   55    70   55    70   55    70   55    70   55    70   55    70   55
G    30   70    30   70    30   70    30   70    30   70    30   70    30   70
H    70   70    70   70    70   70    70   70    70   70    70   70    70   70
I    90   90    90   90    90   90    90   90    90   90    90   90    90   90
J    45   70    45   70    45   70    45   70    45   70    45   70    45   70
K    70   25    70   25    70   25    70   25    70   25    70   25    70   25
L    70   45    70   45    70   45    70   45    70   45    70   45    70   45
M    70   70    70   70    70   70    70   70    70   70    70   70    70   70
N    70   70    70   70    70   70    70   70    70   70    70   70    70   70
O    30   30    30   30    30   30    30   30    30   30    30   30    30   30
P    70   30    70   30    70   30    70   30    70   30    70   30    70   30
Q    30  -35    30  -35    30  -35    30  -35    30  -35    30  -35    30  -35
R    70   35    70   35    70   35    70   35    70   35    70   35    70   35
S    55   50    55   50    55   50    55   50    55   50    55   50    55   50
T    45   45    45   45    45   45    45   45    45   45    45   45    45   45
U    70   70    70   70    70   70    70   70    70   70    70   70    70   70
V    20   20    20   20    20   20    20   20    20   20    20   20    20   20
W    30   30    30   30    30   30    30   30    30   30    30   30    30   30
X    35   35    35   35    35   35    35   35    35   35    35   35    35   35
Y    20   20    20   20    20   20    20   20    20   20    20   20    20   20
Z    70   70    70   70    70   70    70   70    70   70    70   70    70   70
[    90   60    90   60    90   60    90   60    90   60    90   60    90   60
\    40   20    40   20    40   20    40   20    40   20    40   20    40   20
]    60   90    60   90    60   90    60   90    60   90    60   90    60   90
^    40   40    40   40    40   40    40   40    40   40    40   40    40   40
_    30   30    30   30    30   30    30   30    30   30    30   30    30   30
                                                                             
`     0   30     0   30     0   30     0   30     0   30     0   30     0   30
a    40   55    40   55    40   55    40   55    40   55    40   55    40   55
b    70   30    70   30    70   30    70   30    70   30    70   30    70   30
c    30   60    30   60    30   60    30   60    30   60    30   60    30   60
d    30   70    30   70    30   70    30   70    30   70    30   70    30   70
e    30   40    30   40    30   40    30   40    30   40    30   40    30   40
f    40   55    40   55    40   55    40   55    40   55    40   55    40   55
g    30   60    30   60    30   60    30   60    30   60    30   60    30   60
h    70   55    70   55    70   55    70   55    70   55    70   55    70   55
i    90   90    90   90    90   90    90   90    90   90    90   90    90   90
j   -20   90   -20   90   -20   90   -20   90   -20   90   -20   90   -20   90
k    70   25    70   25    70   25    70   25    70   25    70   25    70   25
l    90   90    90   90    90   90    90   90    90   90    90   90    90   90
m    60   55    60   55    60   55    60   55    60   55    60   55    60   55
n    60   55    60   55    60   55    60   55    60   55    60   55    60   55
o    30   30    30   30    30   30    30   30    30   30    30   30    30   30
p    60   30    60   30    60   30    60   30    60   30    60   30    60   30
q    30   60    30   60    30   60    30   60    30   60    30   60    30   60
r    60   35    60   35    60   35    60   35    60   35    60   35    60   35
s    40   40    40   40    40   40    40   40    40   40    40   40    40   40
t    35   60    35   60    35   60    35   60    35   60    35   60    35   60
u    55   60    55   60    55   60    55   60    55   60    55   60    55   60
v    20   20    20   20    20   20    20   20    20   20    20   20    20   20
w    25   25    25   25    25   25    25   25    25   25    25   25    25   25
x    30   30    30   30    30   30    30   30    30   30    30   30    30   30
y    20   20    20   20    20   20    20   20    20   20    20   20    20   20
z    60   60    60   60    60   60    60   60    60   60    60   60    60   60
{    50   60    50   60    50   60    50   60    50   60    50   60    50   60
|   110  110   110  110   110  110   110  110   110  110   110  110   110  110
}    60   50    60   50    60   50    60   50    60   50    60   50    60   50
~    50   50    50   50    50   50    50   50    50   50    50   50    50   50
