@lookup marklookup1 \mark
@lookupflag IgnoreLigatures
@script DFLT
@script latn
@script cyrl
@markClass @Top
#########|---black--|---heavy--|---bold---|--medium--|--regular-|---light--|---thin---|
#########|   x |  y |   x |  y |   x |  y |   x |  y |   x |  y |   x |  y |   x |  y |
gravecomb   500  590   500  590   500  590   500  590   500  590   500  590   500  590
acutecomb   500  590   500  590   500  590   500  590   500  590   500  590   500  590
uni0302     500  590   500  590   500  590   500  590   500  590   500  590   500  590
tildecomb   500  590   500  590   500  590   500  590   500  590   500  590   500  590
uni0304     500  590   500  590   500  590   500  590   500  590   500  590   500  590
uni0306     500  590   500  590   500  590   500  590   500  590   500  590   500  590
uni0307     500  590   500  590   500  590   500  590   500  590   500  590   500  590
uni0308     500  590   500  590   500  590   500  590   500  590   500  590   500  590
uni030A     500  590   500  590   500  590   500  590   500  590   500  590   500  590
uni030B     500  590   500  590   500  590   500  590   500  590   500  590   500  590
uni030C     500  590   500  590   500  590   500  590   500  590   500  590   500  590
uni030F     500  590   500  590   500  590   500  590   500  590   500  590   500  590
uni0310     500  590   500  590   500  590   500  590   500  590   500  590   500  590
uni0311     500  590   500  590   500  590   500  590   500  590   500  590   500  590
@end
@pos base @Top
#########|---black--|---heavy--|---bold---|--medium--|--regular-|---light--|---thin---|
#########|   x |  y |   x |  y |   x |  y |   x |  y |   x |  y |   x |  y |   x |  y |
ae          450  590   450  590   440  590   430  590   430  590   420  590   420  590
uni0254     290  590   285  590   280  590   265  590   250  590   245  590   240  590
uni0259     306  590   296  590   290  590   282  590   274  590   267  590   260  590
uni025A     306  590   296  590   290  590   282  590   274  590   267  590   260  590
uni028C     308  590   299  590   291  590   282  590   278  590   270  590   260  590

afii10017   368  790   362  790   357  790   352  790   347  790   341  790   336  790
@end
