###  *  prefix 'w' means R is width instead of right sidebearing.
###  *  prefix '+' means L/R is relative from current value.
###     (use '+-1' to shift 1 unit left)
###
###  black      heavy      bold      medium     regular     light      thin
###----+----|-----+----|-----+----|-----+----|-----+----|-----+----|-----+----|
###  L |  R |   L |  R |   L |  R |   L |  R |   L |  R |   L |  R |   L |  R |
space 0  460     0  450     0  440     0  430     0  420     0  410     0  400

!    80   80    80   80    80   80    80   80    80   80    80   80    80   80
"    60   60    60   60    60   60    60   60    60   60    60   60    60   60
#    45   45    45   45    45   45    45   45    45   45    45   45    45   45
$    45   45    45   45    45   45    45   45    45   45    45   45    45   45
%    30   30    30   30    30   30    30   30    30   30    30   30    30   30
&    50    0    50    0    50    0    50    0    50    0    50    0    50    0
'    60   60    60   60    60   60    60   60    60   60    60   60    60   60
(    65    0    65    0    65    0    65    0    65    0    65    0    65    0
)     0   65     0   65     0   65     0   65     0   65     0   65     0   65
*    35   35    35   35    35   35    35   35    35   35    35   35    35   35
+    55   55    55   55    55   55    55   55    55   55    55   55    55   55
,    50   40    50   40    50   40    50   40    50   40    50   40    50   40
-    55   55    55   55    55   55    55   55    55   55    55   55    55   55
.    90   90    90   90    90   90    90   90    90   90    90   90    90   90
/    10   25    10   25    10   25    10   25    10   25    10   25    10   25
0    +0 w680    +0 w670    +0 w660    +0 w650    +0 w640    +0 w630    +0 w620
1    +0 w680    +0 w670    +0 w660    +0 w650    +0 w640    +0 w630    +0 w620
2    +0 w680    +0 w670    +0 w660    +0 w650    +0 w640    +0 w630    +0 w620
3    +0 w680    +0 w670    +0 w660    +0 w650    +0 w640    +0 w630    +0 w620
4    +0 w680    +0 w670    +0 w660    +0 w650    +0 w640    +0 w630    +0 w620
5    +0 w680    +0 w670    +0 w660    +0 w650    +0 w640    +0 w630    +0 w620
6    +0 w680    +0 w670    +0 w660    +0 w650    +0 w640    +0 w630    +0 w620
7    +0 w680    +0 w670    +0 w660    +0 w650    +0 w640    +0 w630    +0 w620
8    +0 w680    +0 w670    +0 w660    +0 w650    +0 w640    +0 w630    +0 w620
9    +0 w680    +0 w670    +0 w660    +0 w650    +0 w640    +0 w630    +0 w620
:   115  115   115  115   115  115   115  115   115  115   115  115   115  115
;    60  110    60  110    60  110    60  110    60  110    60  110    60  110
<    60   85    60   85    60   85    60   85    60   85    60   85    60   85
=    85   85    85   85    85   85    85   85    85   85    85   85    85   85
>    85   60    85   60    85   60    85   60    85   60    85   60    85   60
?    50   50    50   50    50   50    50   50    50   50    50   50    50   50
                                                                             
@    35   30    35   30    35   30    35   30    35   30    35   30    35   30
A    15   15    15   15    15   15    15   15    15   15    15   15    15   15
B    75   40    75   40    75   40    75   40    75   40    75   40    75   40
C    35   65    35   65    35   65    35   65    35   65    35   65    35   65
D    75   35    75   35    75   35    75   35    75   35    75   35    75   35
E    75   70    75   70    75   70    75   70    75   70    75   70    75   70
F    75   60    75   60    75   60    75   60    75   60    75   60    75   60
G    35   70    35   70    35   70    35   70    35   70    35   70    35   70
H    75   75    75   75    75   75    75   75    75   75    75   75    75   75
I    90   90    90   90    90   90    90   90    90   90    90   90    90   90
J    20   70    20   70    20   70    20   70    20   70    20   70    20   70
K    75   25    75   25    75   25    75   25    75   25    75   25    75   25
L    75   35    75   35    75   35    75   35    75   35    75   35    75   35
M    75   75    75   75    75   75    75   75    75   75    75   75    75   75
N    75   75    75   75    75   75    75   75    75   75    75   75    75   75
O    35   35    35   35    35   35    35   35    35   35    35   35    35   35
P    75   30    75   30    75   30    75   30    75   30    75   30    75   30
Q    35  -10    35  -10    35  -10    35  -10    35  -10    35  -10    35  -10
R    75   35    75   35    75   35    75   35    75   35    75   35    75   35
S    50   45    50   45    50   45    50   45    50   45    50   45    50   45
T    45   45    45   45    45   45    45   45    45   45    45   45    45   45
U    70   70    70   70    70   70    70   70    70   70    70   70    70   70
V    15   15    15   15    15   15    15   15    15   15    15   15    15   15
W    25   25    25   25    25   25    25   25    25   25    25   25    25   25
X    40   40    40   40    40   40    40   40    40   40    40   40    40   40
Y    20   20    20   20    20   20    20   20    20   20    20   20    20   20
Z    70   70    70   70    70   70    70   70    70   70    70   70    70   70
[    90   60    90   60    90   60    90   60    90   60    90   60    90   60
\    25   10    25   10    25   10    25   10    25   10    25   10    25   10
]    60   90    60   90    60   90    60   90    60   90    60   90    60   90
^    25   25    25   25    25   25    25   25    25   25    25   25    25   25
_    25   25    25   25    25   25    25   25    25   25    25   25    25   25
                                                                             
                                                                             
`   -20   25   -20   25   -20   25   -20   25   -20   25   -20   25   -20   25
a    35   50    35   50    35   50    35   50    35   50    35   50    35   50
b    75   35    75   35    75   35    75   35    75   35    75   35    75   35
c    30   60    30   60    30   60    30   60    30   60    30   60    30   60
d    35   75    35   75    35   75    35   75    35   75    35   75    35   75
e    30   35    30   35    30   35    30   35    30   35    30   35    30   35
f    40   50    40   50    40   50    40   50    40   50    40   50    40   50
g    35   70    35   70    35   70    35   70    35   70    35   70    35   70
h    75   60    75   60    75   60    75   60    75   60    75   60    75   60
i    90   90    90   90    90   90    90   90    90   90    90   90    90   90
j   -35   90   -35   90   -35   90   -35   90   -35   90   -35   90   -35   90
k    75   25    75   25    75   25    75   25    75   25    75   25    75   25
l    90   90    90   90    90   90    90   90    90   90    90   90    90   90
m    70   60    70   60    70   60    70   60    70   60    70   60    70   60
n    70   60    70   60    70   60    70   60    70   60    70   60    70   60
o    30   30    30   30    30   30    30   30    30   30    30   30    30   30
p    70   35    70   35    70   35    70   35    70   35    70   35    70   35
q    35   70    35   70    35   70    35   70    35   70    35   70    35   70
r    70   35    70   35    70   35    70   35    70   35    70   35    70   35
s    50   55    50   55    50   55    50   55    50   55    50   55    50   55
t    35   65    35   65    35   65    35   65    35   65    35   65    35   65
u    60   70    60   70    60   70    60   70    60   70    60   70    60   70
v    30   30    30   30    30   30    30   30    30   30    30   30    30   30
w    40   40    40   40    40   40    40   40    40   40    40   40    40   40
x    25   25    25   25    25   25    25   25    25   25    25   25    25   25
y    35   25    35   25    35   25    35   25    35   25    35   25    35   25
z    65   65    65   65    65   65    65   65    65   65    65   65    65   65
{    60   60    60   60    60   60    60   60    60   60    60   60    60   60
|   120  120   120  120   120  120   120  120   120  120   120  120   120  120
}    60   60    60   60    60   60    60   60    60   60    60   60    60   60
~    35   35    35   35    35   35    35   35    35   35    35   35    35   35

### 0x2013u endash
###  55   55    55   55    55   55    55   55    55   55    55   55    55   55
### 0x2014u emdash
###  55   55    55   55    55   55    55   55    55   55    55   55    55   55
### 0x2018u quoteleft
###  30   55    30   55    30   55    30   55    30   55    30   55    30   55
### 0x2019u quoteright
###  55   30    55   30    55   30    55   30    55   30    55   30    55   30
### 0x201au quotesinglebase
###  45   45    45   45    45   45    45   45    45   45    45   45    45   45
### 0x201bu quotereversed
###  55   30    55   30    55   30    55   30    55   30    55   30    55   30
### 0x201cu quotedblleft
###  30   55    30   55    30   55    30   55    30   55    30   55    30   55
### 0x201du quotedblright
###  55   30    55   30    55   30    55   30    55   30    55   30    55   30
### 0x201eu quotedblbase
###  45   45    45   45    45   45    45   45    45   45    45   45    45   45
### 0x201fu quotedblreversed
###  30   55    30   55    30   55    30   55    30   55    30   55    30   55
