#################   black      heavy      bold      medium     regular     light      thin
#################-----+----|-----+----|-----+----|-----+----|-----+----|-----+----|-----+----|
uni2025        R
uni2026        R
uni3001	       S   550  560   573  565   597  571   620  576   623  571   626  565   629  560
uni3002	       S   560  560   565  565   571  571   576  576   571  571   565  565   560  560
uni3008	       R
uni3009	       R
uni300A        R
uni300B        R
uni300C        R
uni300D        R
uni300E	       R
uni300F	       R
uni3010	       R
uni3011	       R
uni3014	       R
uni3015	       R
uni3016	       R
uni3017	       R
uni3018	       R
uni3019	       R
uni301C	       RF
uni3041	       S    80   80    80   80    80   80    80   80    80   80    80   80    80   80
uni3043        S    80   80    80   80    80   80    80   80    80   80    80   80    80   80
uni3045        S    80   80    80   80    80   80    80   80    80   80    80   80    80   80
uni3047        S    80   80    80   80    80   80    80   80    80   80    80   80    80   80
uni3049        S    80   80    80   80    80   80    80   80    80   80    80   80    80   80
uni3063        S    80   80    80   80    80   80    80   80    80   80    80   80    80   80
uni3083        S    80   80    80   80    80   80    80   80    80   80    80   80    80   80
uni3085	       S    80   80    80   80    80   80    80   80    80   80    80   80    80   80
uni3087	       S    80   80    80   80    80   80    80   80    80   80    80   80    80   80
uni308E	       S    80   80    80   80    80   80    80   80    80   80    80   80    80   80
uni3095	       S    80   80    80   80    80   80    80   80    80   80    80   80    80   80
uni3096	       S    80   80    80   80    80   80    80   80    80   80    80   80    80   80
uni30A1	       S    80   80    80   80    80   80    80   80    80   80    80   80    80   80
uni30A3	       S    80   80    80   80    80   80    80   80    80   80    80   80    80   80
uni30A5	       S    80   80    80   80    80   80    80   80    80   80    80   80    80   80
uni30A7	       S    80   80    80   80    80   80    80   80    80   80    80   80    80   80
uni30A9	       S    80   80    80   80    80   80    80   80    80   80    80   80    80   80
uni30C3	       S    80   80    80   80    80   80    80   80    80   80    80   80    80   80
uni30E3	       S    80   80    80   80    80   80    80   80    80   80    80   80    80   80
uni30E5	       S    80   80    80   80    80   80    80   80    80   80    80   80    80   80
uni30E7	       S    80   80    80   80    80   80    80   80    80   80    80   80    80   80
uni30EE	       S    80   80    80   80    80   80    80   80    80   80    80   80    80   80
uni30F5	       S    80   80    80   80    80   80    80   80    80   80    80   80    80   80
uni30F6	       S    80   80    80   80    80   80    80   80    80   80    80   80    80   80
uni30FC	       RF
uniFF08	       R
uniFF09	       R
uniFF1A        R
uniFF1D	       R
uniFF3B	       R
uniFF3D	       R
uniFF5B	       R
uniFF5D	       R
uniFF5E        RF
