###             black    heavy     bold   medium   regular   light     thin
###-------------------|--------|--------|--------|--------|--------|--------|

["'`][M]         -25      -25      -25      -25      -25      -25      -25
[$][M]            15       15       15       15       15       15       15
[&][M]            10       10       10       10       10       10       10
[(][M]           -25      -25      -25      -25      -25      -25      -25
[)][M]           -10      -10      -10      -10      -10      -10      -10
[*][M]           -15      -15      -15      -15      -15      -15      -15
[+-][M]           10       10       10       10       10       10       10
[/][M]           -20      -20      -20      -20      -20      -20      -20
[:][M]             5        5        5        5        5        5        5
[;][M]            -5       -5       -5       -5       -5       -5       -5
[>][M]            10       10       10       10       10       10       10
[?][M]           -25      -25      -25      -25      -25      -25      -25
[@][M]            -5       -5       -5       -5       -5       -5       -5
[B][M]             0        0        0        0        0        0        0
[C][M]             0        0        0        0        0        0        0
[DO][M]          -10      -10      -10      -10      -10      -10      -10
[F][M]           -20      -20      -20      -20      -20      -20      -20
[JU][M]           -5       -5       -5       -5       -5       -5       -5
[K][M]             0        0        0        0        0        0        0
[L][M]            10       10       10       10       10       10       10
[M]["'`]         -25      -25      -25      -25      -25      -25      -25
[M][$]           -10      -10      -10      -10      -10      -10      -10
[M][%]           -35      -35      -35      -35      -35      -35      -35
[M][&]             0        0        0        0        0        0        0
[M][(]           -10      -10      -10      -10      -10      -10      -10
[M][)]           -25      -25      -25      -25      -25      -25      -25
[M][*]           -15      -15      -15      -15      -15      -15      -15
[M][+-]           10       10       10       10       10       10       10
[M][/]            10       10       10       10       10       10       10
[M][:;]            5        5        5        5        5        5        5
[M][<]            10       10       10       10       10       10       10
[M][?]           -30      -30      -30      -30      -30      -30      -30
[M][@]           -10      -10      -10      -10      -10      -10      -10
[M][CGOQ]        -10      -10      -10      -10      -10      -10      -10
[M][J]             0        0        0        0        0        0        0
[M][M]            10       10       10       10       10       10       10
[M][S]           -20      -20      -20      -20      -20      -20      -20
[M][T]           -35      -35      -35      -35      -35      -35      -35
[M][U]            -5       -5       -5       -5       -5       -5       -5
[M][V]           -20      -20      -20      -20      -20      -20      -20
[M][W]           -10      -10      -10      -10      -10      -10      -10
[M][X]            10       10       10       10       10       10       10
[M][Y]           -25      -25      -25      -25      -25      -25      -25
[M][\\]          -20      -20      -20      -20      -20      -20      -20
[M][\]]          -10      -10      -10      -10      -10      -10      -10
[M][^]           -15      -15      -15      -15      -15      -15      -15
[M][_]            20       20       20       20       20       20       20
[M][a]            10       10       10       10       10       10       10
[M][ceo]           5        5        5        5        5        5        5
[M][dq]          -10      -10      -10      -10      -10      -10      -10
[M][f]           -10      -10      -10      -10      -10      -10      -10
[M][g]           -10      -10      -10      -10      -10      -10      -10
[M][j]            20       20       20       20       20       20       20
[M][mnpr]          0        0        0        0        0        0        0
[M][s]           -10      -10      -10      -10      -10      -10      -10
[M][t]           -10      -10      -10      -10      -10      -10      -10
[M][u]           -20      -20      -20      -20      -20      -20      -20
[M][v]           -10      -10      -10      -10      -10      -10      -10
[M][w]            -5       -5       -5       -5       -5       -5       -5
[M][x]             0        0        0        0        0        0        0
[M][y]             0        0        0        0        0        0        0
[M][{]           -10      -10      -10      -10      -10      -10      -10
[M][}]           -10      -10      -10      -10      -10      -10      -10
[M][~]             0        0        0        0        0        0        0
[P][M]           -15      -15      -15      -15      -15      -15      -15
[Q][M]            15       15       15       15       15       15       15
[S][M]             0        0        0        0        0        0        0
[T][M]           -35      -35      -35      -35      -35      -35      -35
[V][M]           -20      -20      -20      -20      -20      -20      -20
[W][M]           -10      -10      -10      -10      -10      -10      -10
[X][M]            10       10       10       10       10       10       10
[Y][M]           -25      -25      -25      -25      -25      -25      -25
[\[][M]          -10      -10      -10      -10      -10      -10      -10
[\\][M]           10       10       10       10       10       10       10
[^][M]           -15      -15      -15      -15      -15      -15      -15
[_][M]            20       20       20       20       20       20       20
[a][M]            10       10       10       10       10       10       10
[bp][M]          -10      -10      -10      -10      -10      -10      -10
[c][M]             5        5        5        5        5        5        5
[e][M]             5        5        5        5        5        5        5
[f][M]           -20      -20      -20      -20      -20      -20      -20
[gqu][M]           5        5        5        5        5        5        5
[k][M]             0        0        0        0        0        0        0
[o][M]             5        5        5        5        5        5        5
[r][M]           -15      -15      -15      -15      -15      -15      -15
[s][M]             0        0        0        0        0        0        0
[v][M]           -20      -20      -20      -20      -20      -20      -20
[w][M]            -5       -5       -5       -5       -5       -5       -5
[x][M]             0        0        0        0        0        0        0
[y][M]           -10      -10      -10      -10      -10      -10      -10
[{][M]           -10      -10      -10      -10      -10      -10      -10
[}][M]           -10      -10      -10      -10      -10      -10      -10
[~][M]             0        0        0        0        0        0        0
